"lsoa11cd","date","lsoa11nm","Rural Urban","Hours Worked: All usual residents aged 16 to 74 in employment the week before the census; measures: Value","Hours Worked: Part-time: 15 hours or less worked; measures: Value","Hours Worked: Part-time: 16 to 30 hours worked; measures: Value","Hours Worked: Full-time: 31 to 48 hours worked; measures: Value","Hours Worked: Full-time: 49 or more hours worked; measures: Value","Hours Worked: Males: Total; measures: Value","Hours Worked: Males: Part-time: 15 hours or less worked; measures: Value","Hours Worked: Males: Part-time: 16 to 30 hours worked; measures: Value","Hours Worked: Males: Full-time: 31 to 48 hours worked; measures: Value","Hours Worked: Males: Full-time: 49 or more hours worked; measures: Value","Hours Worked: Females: Total; measures: Value","Hours Worked: Females: Part-time: 15 hours or less worked; measures: Value","Hours Worked: Females: Part-time: 16 to 30 hours worked; measures: Value","Hours Worked: Females: Full-time: 31 to 48 hours worked; measures: Value","Hours Worked: Females: Full-time: 49 or more hours worked; measures: Value"
"E01006512",2011,"Liverpool 031A","Total",513,86,99,262,66,287,36,46,149,56,226,50,53,113,10
"E01006513",2011,"Liverpool 060A","Total",1052,354,189,410,99,538,149,78,246,65,514,205,111,164,34
"E01006514",2011,"Liverpool 037A","Total",926,237,188,409,92,503,105,79,254,65,423,132,109,155,27
"E01006515",2011,"Liverpool 037B","Total",482,49,99,284,50,247,23,28,161,35,235,26,71,123,15
"E01006518",2011,"Liverpool 044A","Total",562,40,165,318,39,283,17,58,181,27,279,23,107,137,12
"E01006519",2011,"Liverpool 056A","Total",643,58,124,384,77,314,20,31,212,51,329,38,93,172,26
"E01006520",2011,"Liverpool 043A","Total",1049,48,130,705,166,551,18,68,360,105,498,30,62,345,61
"E01006521",2011,"Liverpool 052A","Total",799,64,112,512,111,435,26,38,291,80,364,38,74,221,31
"E01006522",2011,"Liverpool 048A","Total",1027,65,97,699,166,573,35,46,377,115,454,30,51,322,51
"E01006523",2011,"Liverpool 052B","Total",812,51,132,507,122,413,26,61,247,79,399,25,71,260,43
"E01006524",2011,"Liverpool 048B","Total",767,175,112,372,108,412,84,40,209,79,355,91,72,163,29
"E01006525",2011,"Liverpool 049A","Total",638,60,121,386,71,339,26,27,233,53,299,34,94,153,18
"E01006526",2011,"Liverpool 048C","Total",698,56,128,428,86,348,25,39,230,54,350,31,89,198,32
"E01006527",2011,"Liverpool 053A","Total",658,67,127,388,76,316,25,34,202,55,342,42,93,186,21
"E01006528",2011,"Liverpool 052C","Total",760,72,126,452,110,395,21,44,252,78,365,51,82,200,32
"E01006529",2011,"Liverpool 048D","Total",709,54,114,456,85,349,14,31,250,54,360,40,83,206,31
"E01006530",2011,"Liverpool 055A","Total",648,63,128,386,71,325,17,31,228,49,323,46,97,158,22
"E01006531",2011,"Liverpool 055B","Total",570,39,114,359,58,296,13,28,207,48,274,26,86,152,10
"E01006532",2011,"Liverpool 047A","Total",729,78,129,382,140,399,25,39,233,102,330,53,90,149,38
"E01006533",2011,"Liverpool 055C","Total",581,52,136,326,67,310,21,41,193,55,271,31,95,133,12
"E01006534",2011,"Liverpool 054A","Total",709,58,161,413,77,363,23,54,231,55,346,35,107,182,22
"E01006535",2011,"Liverpool 054B","Total",739,64,155,442,78,348,27,37,231,53,391,37,118,211,25
"E01006536",2011,"Liverpool 054C","Total",775,74,187,464,50,356,21,48,250,37,419,53,139,214,13
"E01006537",2011,"Liverpool 055D","Total",1167,73,234,744,116,591,20,52,438,81,576,53,182,306,35
"E01006538",2011,"Liverpool 055E","Total",643,56,129,408,50,333,17,26,253,37,310,39,103,155,13
"E01006539",2011,"Liverpool 047B","Total",732,99,134,382,117,394,40,42,225,87,338,59,92,157,30
"E01006540",2011,"Liverpool 024A","Total",487,35,136,268,48,258,18,44,160,36,229,17,92,108,12
"E01006541",2011,"Liverpool 015A","Total",717,56,159,456,46,360,11,44,268,37,357,45,115,188,9
"E01006542",2011,"Liverpool 018A","Total",565,59,125,341,40,285,24,33,197,31,280,35,92,144,9
"E01006543",2011,"Liverpool 015B","Total",626,55,138,393,40,306,17,30,229,30,320,38,108,164,10
"E01006544",2011,"Liverpool 015C","Total",561,56,161,313,31,258,12,38,182,26,303,44,123,131,5
"E01006545",2011,"Liverpool 019A","Total",670,43,172,415,40,340,15,45,246,34,330,28,127,169,6
"E01006546",2011,"Liverpool 019B","Total",546,46,124,341,35,269,13,34,197,25,277,33,90,144,10
"E01006547",2011,"Liverpool 019C","Total",521,51,126,308,36,271,18,39,189,25,250,33,87,119,11
"E01006548",2011,"Liverpool 019D","Total",583,58,160,334,31,287,22,47,195,23,296,36,113,139,8
"E01006549",2011,"Liverpool 043B","Total",820,94,133,483,110,483,57,55,290,81,337,37,78,193,29
"E01006550",2011,"Liverpool 038A","Total",583,191,120,228,44,264,70,47,118,29,319,121,73,110,15
"E01006551",2011,"Liverpool 048E","Total",466,90,79,233,64,236,35,25,132,44,230,55,54,101,20
"E01006552",2011,"Liverpool 039A","Total",646,65,168,341,72,369,34,74,210,51,277,31,94,131,21
"E01006553",2011,"Liverpool 042A","Total",873,190,167,438,78,447,81,64,252,50,426,109,103,186,28
"E01006554",2011,"Liverpool 048F","Total",752,143,156,369,84,377,55,66,201,55,375,88,90,168,29
"E01006556",2011,"Liverpool 039B","Total",596,77,169,295,55,337,47,70,179,41,259,30,99,116,14
"E01006557",2011,"Liverpool 038B","Total",739,202,167,331,39,397,86,79,200,32,342,116,88,131,7
"E01006558",2011,"Liverpool 018B","Total",472,34,126,285,27,251,11,33,186,21,221,23,93,99,6
"E01006560",2011,"Liverpool 023A","Total",525,50,168,273,34,267,16,48,173,30,258,34,120,100,4
"E01006562",2011,"Liverpool 018E","Total",468,48,128,253,39,223,12,38,141,32,245,36,90,112,7
"E01006563",2011,"Liverpool 024B","Total",410,32,123,236,19,187,10,33,130,14,223,22,90,106,5
"E01006564",2011,"Liverpool 023B","Total",683,59,186,396,42,331,16,37,243,35,352,43,149,153,7
"E01006565",2011,"Liverpool 029A","Total",653,57,160,398,38,308,22,45,211,30,345,35,115,187,8
"E01006566",2011,"Liverpool 032A","Total",695,57,151,432,55,363,22,38,259,44,332,35,113,173,11
"E01006567",2011,"Liverpool 026A","Total",659,60,156,380,63,355,17,49,235,54,304,43,107,145,9
"E01006568",2011,"Liverpool 026B","Total",733,32,161,484,56,338,14,28,252,44,395,18,133,232,12
"E01006569",2011,"Liverpool 029B","Total",509,43,105,327,34,245,15,22,181,27,264,28,83,146,7
"E01006570",2011,"Liverpool 026C","Total",739,67,147,443,82,392,29,39,259,65,347,38,108,184,17
"E01006571",2011,"Liverpool 026D","Total",557,46,147,322,42,263,15,41,172,35,294,31,106,150,7
"E01006572",2011,"Liverpool 025A","Total",409,46,122,210,31,188,15,26,118,29,221,31,96,92,2
"E01006573",2011,"Liverpool 029C","Total",590,40,127,377,46,293,11,32,215,35,297,29,95,162,11
"E01006574",2011,"Liverpool 025B","Total",512,37,141,297,37,245,9,32,173,31,267,28,109,124,6
"E01006575",2011,"Liverpool 034A","Total",569,55,129,338,47,275,22,26,193,34,294,33,103,145,13
"E01006576",2011,"Liverpool 034B","Total",902,54,179,580,89,443,15,37,333,58,459,39,142,247,31
"E01006577",2011,"Liverpool 034C","Total",775,72,164,457,82,374,27,43,251,53,401,45,121,206,29
"E01006578",2011,"Liverpool 036A","Total",712,61,136,447,68,365,24,31,257,53,347,37,105,190,15
"E01006579",2011,"Liverpool 034D","Total",800,63,175,483,79,408,22,42,286,58,392,41,133,197,21
"E01006580",2011,"Liverpool 036B","Total",711,70,150,401,90,375,31,42,234,68,336,39,108,167,22
"E01006581",2011,"Liverpool 036C","Total",777,82,160,460,75,390,34,29,281,46,387,48,131,179,29
"E01006582",2011,"Liverpool 041A","Total",818,80,175,465,98,406,28,45,264,69,412,52,130,201,29
"E01006583",2011,"Liverpool 047C","Total",769,196,157,332,84,347,44,39,202,62,422,152,118,130,22
"E01006584",2011,"Liverpool 034E","Total",672,56,143,428,45,346,11,37,259,39,326,45,106,169,6
"E01006585",2011,"Liverpool 032B","Total",491,38,112,308,33,241,12,32,172,25,250,26,80,136,8
"E01006586",2011,"Liverpool 032C","Total",875,68,190,520,97,443,22,59,292,70,432,46,131,228,27
"E01006587",2011,"Liverpool 032D","Total",805,68,142,505,90,435,28,46,302,59,370,40,96,203,31
"E01006588",2011,"Liverpool 042C","Total",831,75,167,507,82,447,36,69,284,58,384,39,98,223,24
"E01006589",2011,"Liverpool 041B","Total",789,75,183,471,60,385,22,39,284,40,404,53,144,187,20
"E01006590",2011,"Liverpool 042D","Total",906,87,155,579,85,511,32,62,355,62,395,55,93,224,23
"E01006591",2011,"Liverpool 041C","Total",867,86,157,522,102,424,40,43,276,65,443,46,114,246,37
"E01006592",2011,"Liverpool 041D","Total",763,88,133,421,121,403,30,49,241,83,360,58,84,180,38
"E01006593",2011,"Liverpool 042E","Total",838,77,156,505,100,421,34,45,276,66,417,43,111,229,34
"E01006594",2011,"Liverpool 047D","Total",681,68,129,389,95,352,25,36,220,71,329,43,93,169,24
"E01006595",2011,"Liverpool 049B","Total",897,59,161,603,74,436,19,42,332,43,461,40,119,271,31
"E01006596",2011,"Liverpool 049C","Total",759,62,148,472,77,384,21,51,261,51,375,41,97,211,26
"E01006597",2011,"Liverpool 041E","Total",837,82,138,485,132,429,33,28,276,92,408,49,110,209,40
"E01006598",2011,"Liverpool 010A","Total",369,23,96,222,28,157,5,15,116,21,212,18,81,106,7
"E01006599",2011,"Liverpool 010B","Total",362,35,109,190,28,166,9,29,106,22,196,26,80,84,6
"E01006600",2011,"Liverpool 011A","Total",569,50,148,334,37,262,15,41,173,33,307,35,107,161,4
"E01006603",2011,"Liverpool 011B","Total",526,44,147,304,31,251,18,35,171,27,275,26,112,133,4
"E01006604",2011,"Liverpool 016A","Total",583,47,153,350,33,263,15,31,186,31,320,32,122,164,2
"E01006605",2011,"Liverpool 016B","Total",586,49,150,357,30,304,19,41,219,25,282,30,109,138,5
"E01006606",2011,"Liverpool 020A","Total",670,43,154,414,59,339,17,31,245,46,331,26,123,169,13
"E01006607",2011,"Liverpool 008A","Total",578,52,136,350,40,272,15,24,199,34,306,37,112,151,6
"E01006608",2011,"Liverpool 009A","Total",559,47,133,323,56,276,16,31,183,46,283,31,102,140,10
"E01006609",2011,"Liverpool 009B","Total",553,40,123,351,39,278,12,32,203,31,275,28,91,148,8
"E01006610",2011,"Liverpool 009C","Total",545,41,120,348,36,267,14,26,201,26,278,27,94,147,10
"E01006611",2011,"Liverpool 012A","Total",473,29,111,311,22,237,9,19,193,16,236,20,92,118,6
"E01006612",2011,"Liverpool 008B","Total",536,53,146,301,36,269,20,33,185,31,267,33,113,116,5
"E01006613",2011,"Liverpool 009D","Total",491,46,127,281,37,250,18,39,163,30,241,28,88,118,7
"E01006614",2011,"Liverpool 012B","Total",551,47,126,345,33,275,12,34,204,25,276,35,92,141,8
"E01006615",2011,"Liverpool 012C","Total",562,38,146,345,33,259,12,32,191,24,303,26,114,154,9
"E01006616",2011,"Liverpool 015D","Total",588,51,150,333,54,293,14,36,193,50,295,37,114,140,4
"E01006617",2011,"Liverpool 021A","Total",768,48,137,511,72,369,11,27,277,54,399,37,110,234,18
"E01006618",2011,"Liverpool 016C","Total",667,46,165,407,49,337,10,42,248,37,330,36,123,159,12
"E01006619",2011,"Liverpool 021B","Total",767,64,151,481,71,372,26,35,258,53,395,38,116,223,18
"E01006620",2011,"Liverpool 021C","Total",618,50,136,380,52,320,19,40,219,42,298,31,96,161,10
"E01006621",2011,"Liverpool 021D","Total",692,73,127,389,103,363,22,36,229,76,329,51,91,160,27
"E01006622",2011,"Liverpool 021E","Total",772,74,163,454,81,408,28,42,271,67,364,46,121,183,14
"E01006623",2011,"Liverpool 013A","Total",779,67,174,450,88,405,25,47,265,68,374,42,127,185,20
"E01006624",2011,"Liverpool 013B","Total",667,66,155,393,53,318,20,38,219,41,349,46,117,174,12
"E01006625",2011,"Liverpool 016D","Total",660,54,138,406,62,339,22,26,242,49,321,32,112,164,13
"E01006626",2011,"Liverpool 016E","Total",710,66,144,459,41,353,25,36,264,28,357,41,108,195,13
"E01006627",2011,"Liverpool 013C","Total",683,53,148,431,51,339,21,36,243,39,344,32,112,188,12
"E01006628",2011,"Liverpool 052D","Total",874,109,187,478,100,416,36,56,260,64,458,73,131,218,36
"E01006629",2011,"Liverpool 052E","Total",621,46,108,404,63,299,16,25,220,38,322,30,83,184,25
"E01006630",2011,"Liverpool 044B","Total",406,35,129,214,28,188,12,39,118,19,218,23,90,96,9
"E01006632",2011,"Liverpool 044C","Total",670,59,159,388,64,351,19,51,225,56,319,40,108,163,8
"E01006633",2011,"Liverpool 050B","Total",412,36,113,237,26,191,8,20,142,21,221,28,93,95,5
"E01006637",2011,"Liverpool 017A","Total",552,48,160,299,45,244,12,31,164,37,308,36,129,135,8
"E01006638",2011,"Liverpool 017B","Total",371,31,123,191,26,151,14,22,100,15,220,17,101,91,11
"E01006639",2011,"Liverpool 017C","Total",705,50,161,441,53,336,13,34,250,39,369,37,127,191,14
"E01006640",2011,"Liverpool 021F","Total",870,64,193,532,81,423,19,37,298,69,447,45,156,234,12
"E01006641",2011,"Liverpool 025C","Total",899,49,186,605,59,430,17,48,318,47,469,32,138,287,12
"E01006642",2011,"Liverpool 025D","Total",442,36,123,259,24,202,11,34,139,18,240,25,89,120,6
"E01006643",2011,"Liverpool 025E","Total",674,53,171,389,61,313,21,45,201,46,361,32,126,188,15
"E01006644",2011,"Liverpool 017D","Total",850,45,188,528,89,419,15,40,304,60,431,30,148,224,29
"E01006645",2011,"Liverpool 017E","Total",435,32,142,227,34,212,14,38,134,26,223,18,104,93,8
"E01006646",2011,"Liverpool 023C","Total",757,53,149,466,89,391,20,37,273,61,366,33,112,193,28
"E01006647",2011,"Liverpool 024C","Total",337,31,109,180,17,150,9,28,100,13,187,22,81,80,4
"E01006648",2011,"Liverpool 023D","Total",933,75,202,589,67,529,41,60,376,52,404,34,142,213,15
"E01006651",2011,"Liverpool 001A","Total",920,69,180,573,98,464,15,38,338,73,456,54,142,235,25
"E01006652",2011,"Liverpool 002A","Total",733,47,157,467,62,377,11,51,268,47,356,36,106,199,15
"E01006653",2011,"Liverpool 001B","Total",620,42,139,394,45,312,11,37,223,41,308,31,102,171,4
"E01006654",2011,"Liverpool 005A","Total",744,62,145,479,58,381,24,41,268,48,363,38,104,211,10
"E01006655",2011,"Liverpool 001C","Total",766,52,166,462,86,376,21,41,245,69,390,31,125,217,17
"E01006656",2011,"Liverpool 002B","Total",740,43,134,496,67,370,17,30,270,53,370,26,104,226,14
"E01006657",2011,"Liverpool 002C","Total",550,38,123,335,54,271,13,21,196,41,279,25,102,139,13
"E01006658",2011,"Liverpool 001D","Total",489,28,151,288,22,225,9,43,154,19,264,19,108,134,3
"E01006659",2011,"Liverpool 005B","Total",571,53,117,325,76,363,31,54,215,63,208,22,63,110,13
"E01006660",2011,"Liverpool 001E","Total",583,57,136,333,57,283,16,39,186,42,300,41,97,147,15
"E01006661",2011,"Liverpool 004A","Total",545,39,138,331,37,273,11,32,199,31,272,28,106,132,6
"E01006662",2011,"Liverpool 004B","Total",596,50,137,366,43,296,14,37,209,36,300,36,100,157,7
"E01006663",2011,"Liverpool 004C","Total",514,25,140,316,33,240,8,25,182,25,274,17,115,134,8
"E01006664",2011,"Liverpool 004D","Total",663,46,155,408,54,324,17,44,222,41,339,29,111,186,13
"E01006665",2011,"Liverpool 007A","Total",855,53,182,522,98,409,18,38,281,72,446,35,144,241,26
"E01006666",2011,"Liverpool 007B","Total",819,71,177,491,80,402,20,37,284,61,417,51,140,207,19
"E01006667",2011,"Liverpool 007C","Total",661,52,141,417,51,334,15,32,252,35,327,37,109,165,16
"E01006668",2011,"Liverpool 007D","Total",847,55,175,529,88,414,18,28,307,61,433,37,147,222,27
"E01006669",2011,"Liverpool 004E","Total",764,50,164,478,72,380,18,32,273,57,384,32,132,205,15
"E01006670",2011,"Liverpool 007E","Total",789,62,167,479,81,386,22,42,260,62,403,40,125,219,19
"E01006671",2011,"Liverpool 013D","Total",636,49,142,368,77,322,15,28,215,64,314,34,114,153,13
"E01006672",2011,"Liverpool 010E","Total",702,50,195,406,51,333,14,46,235,38,369,36,149,171,13
"E01006673",2011,"Liverpool 037D","Total",629,79,153,348,49,356,32,82,202,40,273,47,71,146,9
"E01006674",2011,"Liverpool 039C","Total",441,55,124,213,49,255,37,48,130,40,186,18,76,83,9
"E01006675",2011,"Liverpool 043C","Total",936,92,175,558,111,522,50,94,299,79,414,42,81,259,32
"E01006676",2011,"Liverpool 044D","Total",518,54,148,269,47,266,31,54,146,35,252,23,94,123,12
"E01006677",2011,"Liverpool 043D","Total",274,33,97,124,20,142,13,46,68,15,132,20,51,56,5
"E01006678",2011,"Liverpool 044E","Total",731,78,165,416,72,396,30,48,256,62,335,48,117,160,10
"E01006679",2011,"Liverpool 039D","Total",473,56,148,218,51,269,29,69,131,40,204,27,79,87,11
"E01006680",2011,"Liverpool 053B","Total",793,63,176,463,91,405,30,41,261,73,388,33,135,202,18
"E01006681",2011,"Liverpool 054D","Total",706,59,159,412,76,356,18,42,233,63,350,41,117,179,13
"E01006682",2011,"Liverpool 053C","Total",666,61,123,411,71,338,22,31,230,55,328,39,92,181,16
"E01006683",2011,"Liverpool 053D","Total",749,64,145,475,65,365,19,28,269,49,384,45,117,206,16
"E01006684",2011,"Liverpool 056B","Total",1193,89,178,773,153,619,35,53,418,113,574,54,125,355,40
"E01006685",2011,"Liverpool 056C","Total",696,67,131,419,79,342,16,26,244,56,354,51,105,175,23
"E01006686",2011,"Liverpool 053E","Total",674,55,134,435,50,331,23,37,236,35,343,32,97,199,15
"E01006687",2011,"Liverpool 056D","Total",979,72,152,593,162,514,33,31,339,111,465,39,121,254,51
"E01006688",2011,"Liverpool 056E","Total",766,71,154,451,90,390,25,43,254,68,376,46,111,197,22
"E01006689",2011,"Liverpool 049D","Total",867,92,153,550,72,405,25,28,310,42,462,67,125,240,30
"E01006690",2011,"Liverpool 028A","Total",620,67,149,352,52,342,28,53,222,39,278,39,96,130,13
"E01006691",2011,"Liverpool 030A","Total",523,49,154,273,47,300,17,72,174,37,223,32,82,99,10
"E01006692",2011,"Liverpool 028B","Total",828,67,193,492,76,438,29,57,294,58,390,38,136,198,18
"E01006693",2011,"Liverpool 024D","Total",490,49,122,285,34,242,16,37,164,25,248,33,85,121,9
"E01006694",2011,"Liverpool 030B","Total",715,50,218,402,45,376,18,91,234,33,339,32,127,168,12
"E01006695",2011,"Liverpool 028C","Total",738,95,153,432,58,423,43,61,272,47,315,52,92,160,11
"E01006696",2011,"Liverpool 030C","Total",630,55,160,382,33,322,14,55,228,25,308,41,105,154,8
"E01006697",2011,"Liverpool 030D","Total",668,78,186,354,50,355,45,67,211,32,313,33,119,143,18
"E01006698",2011,"Liverpool 012D","Total",750,61,173,466,50,359,18,39,263,39,391,43,134,203,11
"E01006699",2011,"Liverpool 014A","Total",509,34,159,280,36,250,10,36,169,35,259,24,123,111,1
"E01006700",2011,"Liverpool 012E","Total",539,30,141,320,48,280,5,39,197,39,259,25,102,123,9
"E01006701",2011,"Liverpool 014B","Total",599,38,158,346,57,300,10,34,207,49,299,28,124,139,8
"E01006702",2011,"Liverpool 014C","Total",542,44,157,303,38,269,18,49,171,31,273,26,108,132,7
"E01006703",2011,"Liverpool 014D","Total",522,33,119,323,47,278,11,40,191,36,244,22,79,132,11
"E01006705",2011,"Liverpool 009E","Total",635,41,157,384,53,332,14,49,231,38,303,27,108,153,15
"E01006706",2011,"Liverpool 045A","Total",445,59,129,230,27,212,12,41,133,26,233,47,88,97,1
"E01006707",2011,"Liverpool 045B","Total",418,32,99,266,21,197,12,22,149,14,221,20,77,117,7
"E01006708",2011,"Liverpool 045C","Total",738,50,165,463,60,357,8,43,263,43,381,42,122,200,17
"E01006709",2011,"Liverpool 040A","Total",599,45,130,384,40,308,15,33,229,31,291,30,97,155,9
"E01006710",2011,"Liverpool 045D","Total",668,60,153,415,40,314,15,28,235,36,354,45,125,180,4
"E01006711",2011,"Liverpool 027A","Total",610,40,146,360,64,296,15,35,195,51,314,25,111,165,13
"E01006712",2011,"Liverpool 029D","Total",581,30,124,384,43,290,9,25,224,32,291,21,99,160,11
"E01006713",2011,"Liverpool 029E","Total",650,46,153,404,47,306,19,36,218,33,344,27,117,186,14
"E01006716",2011,"Liverpool 032E","Total",643,37,134,424,48,310,7,35,231,37,333,30,99,193,11
"E01006717",2011,"Liverpool 027D","Total",708,60,163,435,50,356,18,46,255,37,352,42,117,180,13
"E01006718",2011,"Liverpool 027E","Total",717,37,177,462,41,362,16,54,262,30,355,21,123,200,11
"E01006719",2011,"Liverpool 027F","Total",701,55,184,403,59,354,22,53,231,48,347,33,131,172,11
"E01006720",2011,"Liverpool 035A","Total",771,112,189,415,55,415,46,94,239,36,356,66,95,176,19
"E01006721",2011,"Liverpool 038C","Total",643,88,158,347,50,328,43,60,190,35,315,45,98,157,15
"E01006722",2011,"Liverpool 038D","Total",729,171,189,329,40,409,72,106,198,33,320,99,83,131,7
"E01006723",2011,"Liverpool 038E","Total",717,145,183,349,40,397,64,87,217,29,320,81,96,132,11
"E01006724",2011,"Liverpool 038F","Total",675,177,140,311,47,312,53,54,179,26,363,124,86,132,21
"E01006725",2011,"Liverpool 035B","Total",691,74,144,417,56,355,33,47,232,43,336,41,97,185,13
"E01006726",2011,"Liverpool 035C","Total",686,121,150,362,53,344,48,58,201,37,342,73,92,161,16
"E01006727",2011,"Liverpool 035D","Total",745,65,167,457,56,389,23,65,260,41,356,42,102,197,15
"E01006728",2011,"Liverpool 035E","Total",627,66,137,382,42,321,29,40,220,32,306,37,97,162,10
"E01006729",2011,"Liverpool 008C","Total",473,45,155,245,28,208,18,31,139,20,265,27,124,106,8
"E01006730",2011,"Liverpool 011C","Total",461,33,125,277,26,210,13,22,153,22,251,20,103,124,4
"E01006731",2011,"Liverpool 011D","Total",426,37,100,263,26,221,12,30,159,20,205,25,70,104,6
"E01006732",2011,"Liverpool 011E","Total",478,47,152,253,26,215,16,33,142,24,263,31,119,111,2
"E01006734",2011,"Liverpool 005C","Total",454,28,155,249,22,218,10,50,141,17,236,18,105,108,5
"E01006735",2011,"Liverpool 005D","Total",455,41,137,254,23,221,8,31,164,18,234,33,106,90,5
"E01006736",2011,"Liverpool 005E","Total",569,41,144,348,36,279,11,44,201,23,290,30,100,147,13
"E01006737",2011,"Liverpool 005F","Total",522,39,150,310,23,231,8,43,163,17,291,31,107,147,6
"E01006738",2011,"Liverpool 058A","Total",571,54,151,331,35,269,18,32,194,25,302,36,119,137,10
"E01006739",2011,"Liverpool 058B","Total",615,41,170,377,27,292,10,40,219,23,323,31,130,158,4
"E01006740",2011,"Liverpool 057A","Total",428,27,116,264,21,228,6,23,183,16,200,21,93,81,5
"E01006741",2011,"Liverpool 058C","Total",673,42,173,417,41,335,13,42,250,30,338,29,131,167,11
"E01006742",2011,"Liverpool 057B","Total",665,52,157,398,58,333,18,38,236,41,332,34,119,162,17
"E01006743",2011,"Liverpool 058D","Total",1046,78,198,673,97,543,34,47,396,66,503,44,151,277,31
"E01006744",2011,"Liverpool 057C","Total",737,64,147,476,50,374,23,41,275,35,363,41,106,201,15
"E01006745",2011,"Liverpool 057D","Total",874,84,205,513,72,472,39,67,313,53,402,45,138,200,19
"E01006746",2011,"Liverpool 030E","Total",461,93,131,220,17,222,26,52,135,9,239,67,79,85,8
"E01006747",2011,"Liverpool 031B","Total",1024,418,233,317,56,485,161,93,188,43,539,257,140,129,13
"E01006748",2011,"Liverpool 031C","Total",644,193,161,267,23,311,82,58,152,19,333,111,103,115,4
"E01006751",2011,"Liverpool 031F","Total",640,158,178,264,40,313,67,69,152,25,327,91,109,112,15
"E01006752",2011,"Liverpool 035F","Total",387,57,97,209,24,218,33,47,120,18,169,24,50,89,6
"E01006753",2011,"Liverpool 059A","Total",530,38,140,312,40,248,10,28,181,29,282,28,112,131,11
"E01006754",2011,"Liverpool 059B","Total",627,50,152,385,40,304,19,30,229,26,323,31,122,156,14
"E01006755",2011,"Liverpool 059C","Total",491,33,141,290,27,226,7,46,152,21,265,26,95,138,6
"E01006756",2011,"Liverpool 059D","Total",606,42,168,352,44,291,12,39,209,31,315,30,129,143,13
"E01006757",2011,"Liverpool 059E","Total",485,35,136,285,29,241,8,41,169,23,244,27,95,116,6
"E01006758",2011,"Liverpool 059F","Total",545,30,141,338,36,263,14,24,196,29,282,16,117,142,7
"E01006759",2011,"Liverpool 028D","Total",501,43,111,300,47,257,22,30,167,38,244,21,81,133,9
"E01006760",2011,"Liverpool 028E","Total",685,65,125,438,57,424,27,66,291,40,261,38,59,147,17
"E01006761",2011,"Liverpool 020B","Total",654,50,161,402,41,348,18,54,243,33,306,32,107,159,8
"E01006762",2011,"Liverpool 015E","Total",652,47,170,392,43,320,14,43,230,33,332,33,127,162,10
"E01006763",2011,"Liverpool 020C","Total",634,47,141,401,45,313,15,36,231,31,321,32,105,170,14
"E01006764",2011,"Liverpool 020D","Total",634,60,147,375,52,332,33,44,212,43,302,27,103,163,9
"E01006765",2011,"Liverpool 020E","Total",624,49,133,399,43,307,16,37,222,32,317,33,96,177,11
"E01006766",2011,"Liverpool 019E","Total",476,38,139,269,30,244,20,49,151,24,232,18,90,118,6
"E01006767",2011,"Liverpool 019F","Total",748,58,172,458,60,368,19,50,254,45,380,39,122,204,15
"E01006768",2011,"Liverpool 020F","Total",628,52,113,409,54,342,21,41,240,40,286,31,72,169,14
"E01006769",2011,"Liverpool 040B","Total",417,25,90,273,29,227,7,24,175,21,190,18,66,98,8
"E01006770",2011,"Liverpool 040C","Total",366,29,112,200,25,170,6,28,117,19,196,23,84,83,6
"E01006771",2011,"Liverpool 040D","Total",489,36,141,277,35,210,7,25,150,28,279,29,116,127,7
"E01006772",2011,"Liverpool 040E","Total",457,41,126,264,26,223,13,35,152,23,234,28,91,112,3
"E01006773",2011,"Liverpool 036D","Total",698,55,149,445,49,345,19,33,258,35,353,36,116,187,14
"E01006774",2011,"Liverpool 036E","Total",737,57,148,452,80,369,22,30,253,64,368,35,118,199,16
"E01006775",2011,"Liverpool 040F","Total",436,34,126,242,34,185,14,30,113,28,251,20,96,129,6
"E01006776",2011,"Liverpool 022B","Total",663,40,147,434,42,305,13,28,229,35,358,27,119,205,7
"E01006778",2011,"Liverpool 014E","Total",815,59,219,487,50,424,28,70,291,35,391,31,149,196,15
"E01006779",2011,"Liverpool 022D","Total",571,49,168,307,47,258,16,39,168,35,313,33,129,139,12
"E01006780",2011,"Liverpool 002D","Total",724,47,165,456,56,368,15,46,262,45,356,32,119,194,11
"E01006781",2011,"Liverpool 003A","Total",825,53,169,530,73,402,19,27,294,62,423,34,142,236,11
"E01006782",2011,"Liverpool 003B","Total",764,65,152,491,56,375,20,43,276,36,389,45,109,215,20
"E01006783",2011,"Liverpool 002E","Total",726,42,177,455,52,361,11,42,269,39,365,31,135,186,13
"E01006784",2011,"Liverpool 003C","Total",723,41,149,485,48,379,11,41,287,40,344,30,108,198,8
"E01006785",2011,"Liverpool 003D","Total",823,52,166,538,67,422,15,47,310,50,401,37,119,228,17
"E01006786",2011,"Liverpool 003E","Total",922,70,190,583,79,483,38,36,349,60,439,32,154,234,19
"E01006787",2011,"Liverpool 006A","Total",942,67,245,539,91,654,35,149,387,83,288,32,96,152,8
"E01006788",2011,"Liverpool 006B","Total",844,59,203,525,57,411,20,42,306,43,433,39,161,219,14
"E01006790",2011,"Liverpool 006C","Total",589,38,163,340,48,293,10,43,202,38,296,28,120,138,10
"E01006791",2011,"Liverpool 006D","Total",620,42,169,365,44,341,12,68,223,38,279,30,101,142,6
"E01006792",2011,"Liverpool 046A","Total",615,39,134,345,97,328,14,40,203,71,287,25,94,142,26
"E01006793",2011,"Liverpool 051A","Total",645,54,148,364,79,341,24,44,218,55,304,30,104,146,24
"E01006794",2011,"Liverpool 046B","Total",758,56,149,438,115,387,20,41,242,84,371,36,108,196,31
"E01006795",2011,"Liverpool 051B","Total",726,65,152,401,108,376,19,38,237,82,350,46,114,164,26
"E01006796",2011,"Liverpool 047E","Total",752,81,154,360,157,400,18,50,207,125,352,63,104,153,32
"E01006797",2011,"Liverpool 051C","Total",639,61,137,373,68,333,17,41,226,49,306,44,96,147,19
"E01006798",2011,"Liverpool 051D","Total",719,64,117,441,97,372,23,34,248,67,347,41,83,193,30
"E01006799",2011,"Liverpool 051E","Total",702,53,137,410,102,380,26,40,239,75,322,27,97,171,27
"E01006800",2011,"Liverpool 046C","Total",576,48,128,338,62,298,21,34,195,48,278,27,94,143,14
"E01006801",2011,"Liverpool 046D","Total",656,61,122,387,86,336,21,29,218,68,320,40,93,169,18
"E01032505",2011,"Liverpool 050F","Total",575,52,140,322,61,284,11,43,183,47,291,41,97,139,14
"E01032506",2011,"Liverpool 050G","Total",668,53,140,411,64,346,22,34,245,45,322,31,106,166,19
"E01032507",2011,"Liverpool 050H","Total",889,79,157,558,95,423,25,53,284,61,466,54,104,274,34
"E01032508",2011,"Liverpool 027G","Total",655,42,168,406,39,327,12,45,245,25,328,30,123,161,14
"E01032509",2011,"Liverpool 027H","Total",612,53,148,372,39,297,12,42,215,28,315,41,106,157,11
"E01032510",2011,"Liverpool 008F","Total",887,68,214,525,80,441,30,56,287,68,446,38,158,238,12
"E01032511",2011,"Liverpool 008G","Total",619,59,163,367,30,322,27,45,227,23,297,32,118,140,7
"E01033747",2011,"Liverpool 018F","Total",264,29,60,156,19,140,13,20,102,5,124,16,40,54,14
"E01033748",2011,"Liverpool 050I","Total",926,47,83,677,119,533,20,31,399,83,393,27,52,278,36
"E01033749",2011,"Liverpool 042F","Total",205,93,34,57,21,94,36,12,36,10,111,57,22,21,11
"E01033750",2011,"Liverpool 061A","Total",1037,59,91,696,191,668,31,45,443,149,369,28,46,253,42
"E01033751",2011,"Liverpool 062A","Total",794,185,113,402,94,459,88,39,258,74,335,97,74,144,20
"E01033752",2011,"Liverpool 062B","Total",913,48,77,633,155,571,25,39,393,114,342,23,38,240,41
"E01033753",2011,"Liverpool 062C","Total",785,34,53,559,139,519,20,34,363,102,266,14,19,196,37
"E01033754",2011,"Liverpool 061B","Total",890,57,116,592,125,503,21,42,353,87,387,36,74,239,38
"E01033755",2011,"Liverpool 062D","Total",820,52,68,579,121,501,14,30,369,88,319,38,38,210,33
"E01033756",2011,"Liverpool 061C","Total",712,66,68,435,143,459,35,36,288,100,253,31,32,147,43
"E01033757",2011,"Liverpool 037E","Total",340,105,67,139,29,194,52,33,89,20,146,53,34,50,9
"E01033758",2011,"Liverpool 060B","Total",433,172,81,153,27,211,63,42,84,22,222,109,39,69,5
"E01033759",2011,"Liverpool 010F","Total",463,37,114,285,27,229,19,33,162,15,234,18,81,123,12
"E01033760",2011,"Liverpool 060C","Total",757,322,123,254,58,393,124,59,163,47,364,198,64,91,11
"E01033761",2011,"Liverpool 060D","Total",944,110,131,605,98,575,61,63,375,76,369,49,68,230,22
"E01033762",2011,"Liverpool 060E","Total",602,236,100,220,46,316,102,50,131,33,286,134,50,89,13
"E01033763",2011,"Liverpool 031G","Total",484,93,112,255,24,274,47,47,162,18,210,46,65,93,6
"E01033764",2011,"Liverpool 022E","Total",655,63,197,357,38,352,20,79,220,33,303,43,118,137,5
"E01033765",2011,"Liverpool 061D","Total",530,41,111,307,71,273,18,22,181,52,257,23,89,126,19
"E01033766",2011,"Liverpool 042G","Total",564,66,105,344,49,303,28,41,203,31,261,38,64,141,18
"E01033767",2011,"Liverpool 050J","Total",415,33,103,246,33,205,14,26,137,28,210,19,77,109,5
"E01033768",2011,"Liverpool 037F","Total",573,85,105,318,65,326,53,45,184,44,247,32,60,134,21
