0 624 ward_crime_2001_2002 POLY_ID
1 7         884.134114
1 468         1092.90264
1 482         1166.98248
1 10         1369.16701
2 12         1056.05989
2 8         1374.72222
2 9         1391.75512
2 16          1445.6777
3 480         978.447777
3 11         1163.88744
3 12          1209.6459
3 15           1253.176
4 473         1553.60955
4 291         1576.66775
4 17         1898.14484
4 281         2185.80162
5 9         1403.94792
5 16          1699.6655
5 2         1971.11242
5 290          2039.0319
6 10         1085.11505
6 11           1302.562
6 7         1621.72705
6 14          1634.6498
7 1         884.134114
7 468         1441.43463
7 10         1582.42982
7 6         1621.72705
8 2         1374.72222
8 11         1440.94091
8 12         1568.77718
8 13         1779.10135
9 2         1391.75512
9 5         1403.94792
9 17         1416.82059
9 15         1438.19004
10 6         1085.11505
10 483          1153.3618
10 1         1369.16701
10 11         1568.87662
11 3         1163.88744
11 12         1289.61199
11 6           1302.562
11 8         1440.94091
12 2         1056.05989
12 15         1156.45479
12 3          1209.6459
12 11         1289.61199
13 8         1779.10135
13 16          1880.3517
13 296         1882.76581
13 2         2386.65322
14 6          1634.6498
14 8         1821.59059
14 11         2272.37092
14 13         2387.76156
15 17         972.604682
15 12         1156.45479
15 3           1253.176
15 9         1438.19004
16 2          1445.6777
16 5          1699.6655
16 13          1880.3517
16 296         1969.89366
17 15         972.604682
17 9         1416.82059
17 473         1539.31172
17 281         1690.28274
18 184         1673.44879
18 183         1735.55613
18 33         1897.11508
18 22          1993.9463
19 262         1381.18018
19 21         1436.72569
19 74         1548.93352
19 65         2417.95967
20 28         1287.07872
20 107         1335.47506
20 70         1679.31452
20 108         1749.57575
21 19         1436.72569
21 30         1504.70931
21 37         1883.37835
21 65         1899.86818
22 38         1379.12692
22 241         1914.91213
22 184         1944.78812
22 18          1993.9463
23 33         1534.83186
23 171          1749.0673
23 18         2308.18157
23 183         2880.41061
24 245         1078.42291
24 38         1775.34014
24 36         1851.75957
24 27         1855.43326
25 261         1701.17535
25 29         1728.42071
25 262         2586.69142
25 19         2962.59971
26 36         1544.03243
26 30         1702.44972
26 27         2105.63747
26 24         2238.35784
27 24         1855.43326
27 26         2105.63747
27 28         2150.48105
27 247         2179.79945
28 20         1287.07872
28 37          1618.6314
28 30         1988.48126
28 63         2021.47408
29 25         1728.42071
29 19         2520.33393
29 32         2608.32058
29 262         3005.87802
30 21         1504.70931
30 37          1611.1205
30 26         1702.44972
30 28         1988.48126
31 35         1265.26162
31 34         2897.69986
31 23          3678.3954
31 33         3693.44545
32 34         2410.79158
32 30         2526.72941
32 26         2538.91599
32 29         2608.32058
33 23         1534.83186
33 18         1897.11508
33 34         2168.06067
33 38         2599.99751
34 35         2004.68378
34 33         2168.06067
34 32         2410.79158
34 36         2698.42434
35 31         1265.26162
35 34         2004.68378
35 29         3316.70372
35 32         3402.67975
36 38         1162.05817
36 26         1544.03243
36 24         1851.75957
36 22         2502.24311
37 63         1562.74454
37 30          1611.1205
37 28          1618.6314
37 21         1883.37835
38 36         1162.05817
38 22         1379.12692
38 24         1775.34014
38 245         2401.28225
39 44          1476.6427
39 46         1482.05873
39 45         1494.36611
39 43         1963.22432
40 50         1404.10708
40 59         1549.49112
40 52         1798.05505
40 55         2065.87398
41 51         1439.05467
41 194         1588.21725
41 58         1607.21761
41 42         1755.06076
42 48         1237.56483
42 58         1547.04263
42 41         1755.06076
42 44         1953.04479
43 55         1167.34127
43 44         1462.30423
43 57         1465.05374
43 52         1901.72826
44 43         1462.30423
44 39          1476.6427
44 48         1600.44713
44 56         1768.15322
45 55         1376.58402
45 39         1494.36611
45 50         2021.22813
45 54         2023.47325
46 39         1482.05873
46 45          2035.8898
46 54         2542.24293
46 44         2853.65796
47 56         2000.30619
47 58         2257.95049
47 42          2752.8146
47 53         2783.07723
48 42         1237.56483
48 57         1490.85041
48 51         1514.38846
48 44         1600.44713
49 51         1110.41958
49 57         1514.83246
49 202         1561.43242
49 201          1735.8887
50 40         1404.10708
50 55         1905.88872
50 45         2021.22813
50 54         2620.27079
51 49         1110.41958
51 41         1439.05467
51 48         1514.38846
51 42         1961.89845
52 189         1213.35725
52 57         1729.87852
52 40         1798.05505
52 55         1867.13991
53 58         1115.10233
53 41         2042.42576
53 86         2079.61535
53 192         2487.21311
54 45         2023.47325
54 46         2542.24293
54 50         2620.27079
54 39         3117.95065
55 43         1167.34127
55 45         1376.58402
55 52         1867.13991
55 50         1905.88872
56 44         1768.15322
56 47         2000.30619
56 42         2168.37379
56 39         2275.28906
57 43         1465.05374
57 48         1490.85041
57 49         1514.83246
57 52         1729.87852
58 53         1115.10233
58 42         1547.04263
58 41         1607.21761
58 47         2257.95049
59 40         1549.49112
59 52         2165.94134
59 189         2281.78375
59 203          2445.7581
60 79         1074.64137
60 154         1595.06966
60 77         1848.91814
60 75           1926.309
61 72         1339.42689
61 65         1572.08768
61 78         1586.07563
61 68         1815.16441
62 73         928.654669
62 80         1150.48179
62 70         1214.94342
62 67         1519.28931
63 64         1177.89831
63 78         1494.29596
63 37         1562.74454
63 70         1701.78563
64 80         1072.16563
64 63         1177.89831
64 70         1585.81378
64 66         1607.63127
65 74         1266.83124
65 61         1572.08768
65 78         1794.89701
65 21         1899.86818
66 75         1126.71536
66 67         1173.55114
66 80         1206.87282
66 64         1607.63127
67 66         1173.55114
67 80         1179.22077
67 228         1441.60008
67 62         1519.28931
68 269         1062.42154
68 270         1536.38841
68 72         1698.74299
68 61         1815.16441
69 115         670.510191
69 615          1014.6706
69 73          1065.0504
69 617         1075.60991
70 107         1187.36339
70 62         1214.94342
70 80          1454.4013
70 64         1585.81378
71 76         1441.03996
71 72         1482.29117
71 264         1522.93877
71 263         1752.29272
72 61         1339.42689
72 71         1482.29117
72 76         1661.59907
72 68         1698.74299
73 617         723.919707
73 62         928.654669
73 69          1065.0504
73 364         1181.32791
74 65         1266.83124
74 262         1286.59708
74 19         1548.93352
74 269         1550.61625
75 66         1126.71536
75 77          1531.5166
75 60           1926.309
75 64         2218.78893
76 158         1402.80742
76 79         1407.59523
76 71         1441.03996
76 72         1661.59907
77 79          1368.6279
77 75          1531.5166
77 60         1848.91814
77 72         1892.84789
78 63         1494.29596
78 61         1586.07563
78 64         1774.55674
78 65         1794.89701
79 60         1074.64137
79 77          1368.6279
79 76         1407.59523
79 72         1799.89504
80 64         1072.16563
80 62         1150.48179
80 67         1179.22077
80 66         1206.87282
81 84         2211.77745
81 86          2326.7557
81 100          2403.7313
81 99         2844.81685
82 92         2631.71406
82 132         3632.13746
82 129         5049.82303
82 94         6007.70025
83 93         1988.16253
83 94         2057.56672
83 99         3019.19158
83 81         3258.93887
84 101         1402.24289
84 100         1673.26801
84 81         2211.77745
84 417         2468.18239
85 97         2271.44063
85 93         3596.67689
85 99         4567.64698
85 89         4699.49387
86 53         2079.61535
86 81          2326.7557
86 90         2430.18939
86 192         2496.77282
87 98         1222.72392
87 95         1779.97327
87 144         1812.40872
87 91         1981.27983
88 412         1822.03935
88 417         2025.11598
88 98         2062.92777
88 101         2105.98293
89 90         2237.30443
89 97         2743.17858
89 47         3545.68662
89 99         3753.17343
90 89         2237.30443
90 99         2323.95124
90 86         2430.18939
90 53         3048.90938
91 98         1432.23249
91 427         1435.70538
91 139          1441.0809
91 87         1981.27983
92 82         2631.71406
92 93         4308.39869
92 85         4719.80054
92 132         4939.33476
93 83         1988.16253
93 99         2419.63458
93 97         3030.90512
93 85         3596.67689
94 102         1847.00107
94 83         2057.56672
94 129         2736.27346
94 101         3105.94929
95 87         1779.97327
95 101         1972.91272
95 138         2113.29427
95 88         2142.89732
96 192         1265.64335
96 420         1336.72046
96 100         2056.97225
96 199         2328.53482
97 85         2271.44063
97 99         2692.80588
97 89         2743.17858
97 93         3030.90512
98 87         1222.72392
98 427         1408.62088
98 91         1432.23249
98 88         2062.92777
99 90         2323.95124
99 93         2419.63458
99 97         2692.80588
99 81         2844.81685
100 84         1673.26801
100 417         1674.97234
100 420          2020.0896
100 96         2056.97225
101 84         1402.24289
101 95         1972.91272
101 88         2105.98293
101 102         2170.69589
102 94         1847.00107
102 138         1880.87786
102 95          2159.2797
102 101         2170.69589
103 119         836.823594
103 111         908.328018
103 109         1040.50559
103 105         1373.06961
104 116         908.741737
104 113         1008.41289
104 117         1243.96928
104 616         1338.44829
105 111         768.300497
105 117          1154.8121
105 106         1190.21644
105 103         1373.06961
106 114         845.310919
106 118         1109.60449
106 343         1142.20134
106 350         1183.84626
107 120          858.21626
107 70         1187.36339
107 108         1247.74204
107 20         1335.47506
108 120         866.721115
108 110         927.145485
108 107         1247.74204
108 119         1486.52969
109 111         719.079997
109 103         1040.50559
109 114         1121.11303
109 112          1297.2906
110 108         927.145485
110 112         1390.11351
110 109         1485.14101
110 103         1661.37759
111 109         719.079997
111 105         768.300497
111 103         908.328018
111 114         1066.21063
112 109          1297.2906
112 247         1370.33102
112 110         1390.11351
112 351         1407.76097
113 116         939.551321
113 104         1008.41289
113 345         1072.46458
113 342          1734.6443
114 106         845.310919
114 353         968.106138
114 111         1066.21063
114 109         1121.11303
115 69         670.510191
115 120         912.947061
115 119         991.200933
115 605         1060.02003
116 104         908.741737
116 345         915.135222
116 113         939.551321
116 118         1103.83451
117 118          989.07046
117 105          1154.8121
117 104         1243.96928
117 618         1347.77107
118 343         972.838194
118 117          989.07046
118 116         1103.83451
118 106         1109.60449
119 605          796.38322
119 103         836.823594
119 115         991.200933
119 120         1268.51012
120 107          858.21626
120 108         866.721115
120 115         912.947061
120 119         1268.51012
121 128         1134.05308
121 136         1234.58126
121 122         1669.84205
121 144         1772.89476
122 144         1171.72266
122 121         1669.84205
122 138         1699.82918
122 95         2247.91999
123 140         1027.35127
123 143         1035.60637
123 136         1286.63975
123 133         1757.26224
124 143         1404.76999
124 530         1561.16922
124 136         1991.03485
124 123         2055.07045
125 131         2017.77487
125 126         2308.71282
125 134         3974.07686
125 135         4175.32229
126 125         2308.71282
126 534         2503.94474
126 131         2698.51057
126 134         2727.70409
127 142         1734.32204
127 128          1759.3382
127 137         2313.42702
127 134         2558.12468
128 121         1134.05308
128 127          1759.3382
128 142         2096.81763
128 136         2127.10097
129 132         1470.12731
129 130          1719.8992
129 94         2736.27346
129 102         2752.11701
130 129          1719.8992
130 137         1998.54531
130 138         2080.51839
130 132         2827.63926
131 125         2017.77487
131 135         2165.46055
131 134         2595.80718
131 126         2698.51057
132 129         1470.12731
132 130         2827.63926
132 94         3510.28896
132 137          3567.1493
133 406         1080.95027
133 141         1467.58416
133 439         1605.60364
133 123         1757.26224
134 531         1683.58019
134 142         2318.69128
134 127         2558.12468
134 131         2595.80718
135 137         1929.01889
135 131         2165.46055
135 134         2708.10237
135 127         2721.40975
136 121         1234.58126
136 123         1286.63975
136 140         1546.70125
136 144         1861.89676
137 135         1929.01889
137 130         1998.54531
137 127         2313.42702
137 129          3207.7742
138 122         1699.82918
138 102         1880.87786
138 130         2080.51839
138 95         2113.29427
139 140         1229.10346
139 91          1441.0809
139 144         1567.53965
139 141         1757.46147
140 123         1027.35127
140 139         1229.10346
140 141         1270.99889
140 136         1546.70125
141 140         1270.99889
141 133         1467.58416
141 397         1499.26386
141 399         1750.96573
142 127         1734.32204
142 531         1769.92887
142 124         2094.86021
142 128         2096.81763
143 123         1035.60637
143 124         1404.76999
143 442         1636.28349
143 136         1878.20571
144 122         1171.72266
144 139         1567.53965
144 121         1772.89476
144 87         1812.40872
145 150         1021.56775
145 163         1033.00951
145 166         1773.02041
145 149         1935.60081
146 148         1163.50701
146 155         1338.32282
146 162         1340.38652
146 167          1928.2931
147 156         1013.90415
147 155         1497.32583
147 161         1527.48195
147 164          1682.9694
148 146         1163.50701
148 167         1207.26574
148 149         1501.20391
148 154         1534.12602
149 163         1254.24263
149 167         1392.88348
149 148         1501.20391
149 322         1632.77925
150 145         1021.56775
150 228         1585.67123
150 240         1918.94545
150 163          2031.8432
151 167         1289.66997
151 157         1490.52447
151 155         1660.84999
151 161         1906.07276
152 156         1148.93523
152 153         1508.96538
152 147         1834.65189
152 159         1890.67922
153 158         1413.15996
153 152         1508.96538
153 159          1741.7125
153 162         1895.70689
154 148         1534.12602
154 60         1595.06966
154 145          1990.2485
154 146         2081.08831
155 146         1338.32282
155 147         1497.32583
155 151         1660.84999
155 156         2109.63457
156 147         1013.90415
156 152         1148.93523
156 319         1286.10258
156 164         1769.51032
157 167         935.169934
157 322         1132.36773
157 151         1490.52447
157 149          1660.4333
158 76         1402.80742
158 153         1413.15996
158 162         1772.74805
158 264         2043.36363
159 277         1333.87745
159 153          1741.7125
159 152         1890.67922
159 160         1926.80983
160 319         1713.02898
160 299           1716.604
160 159         1926.80983
160 313         2132.24883
161 147         1527.48195
161 164         1754.88922
161 151         1906.07276
161 165         2029.10836
162 146         1340.38652
162 158         1772.74805
162 153         1895.70689
162 60         2074.04651
163 145         1033.00951
163 149         1254.24263
163 166         1318.20072
163 340         1601.01527
164 165         1128.65479
164 319          1598.0091
164 147          1682.9694
164 161         1754.88922
165 164         1128.65479
165 332         1427.94468
165 314         1880.19513
165 161         2029.10836
166 340         1005.68594
166 163         1318.20072
166 226         1406.44662
166 236          1525.5057
167 157         935.169934
167 148         1207.26574
167 151         1289.66997
167 149         1392.88348
168 259         1056.31189
168 180         1104.71203
168 242         1133.45932
168 184         1450.51393
169 176         1270.22489
169 175         1343.40308
169 188         1911.43995
169 180         2307.00801
170 177         2258.60177
170 185         2616.88275
170 175         3753.33968
170 171         3767.61516
171 23          1749.0673
171 177         2819.81934
171 33         3283.89277
171 183         3315.25568
172 179         1033.09756
172 187          1172.4722
172 176         1557.96962
172 251         1670.13122
173 181         1502.04082
173 174         1758.35819
173 186         2085.62603
173 182         2202.62646
174 186         1542.28454
174 173         1758.35819
174 181         3254.57239
174 182         3427.78872
175 169         1343.40308
175 188         1819.88804
175 185         1897.02534
175 177         1936.37938
176 169         1270.22489
176 172         1557.96962
176 187         1568.23096
176 180         1816.64597
177 175         1936.37938
177 185         2178.54865
177 170         2258.60177
177 183          2540.5436
178 179         979.830799
178 181         1213.02289
178 172         1985.22112
178 569         2318.08562
179 178         979.830799
179 172         1033.09756
179 582         2054.63029
179 176         2061.56546
180 168         1104.71203
180 188         1274.02781
180 176         1816.64597
180 184         1875.26785
181 178         1213.02289
181 173         1502.04082
181 182          2137.5712
181 179         2187.18892
182 185         1373.29314
182 181          2137.5712
182 173         2202.62646
182 169         2317.73603
183 188         1432.60703
183 18         1735.55613
183 184         1954.41343
183 175         2358.97851
184 168         1450.51393
184 242         1538.41369
184 18         1673.44879
184 180         1875.26785
185 182         1373.29314
185 175         1897.02534
185 177         2178.54865
185 170         2616.88275
186 174         1542.28454
186 173         2085.62603
186 182          2555.0624
186 185         2785.55737
187 251         867.038027
187 172          1172.4722
187 258          1566.7022
187 176         1568.23096
188 180         1274.02781
188 183         1432.60703
188 175         1819.88804
188 169         1911.43995
189 201         1148.44177
189 52         1213.35725
189 203         1872.43484
189 57         2001.10097
190 413         1409.78903
190 191          1540.1107
190 198         1613.67095
190 197         1806.16145
191 198         1251.74151
191 190          1540.1107
191 205          1642.1521
191 204         1781.94473
192 96         1265.64335
192 194         1603.30239
192 53         2487.21311
192 86         2496.77282
193 194         1439.62036
193 195         1697.75702
193 202         1712.37944
193 198          2049.0034
194 193         1439.62036
194 41         1588.21725
194 192         1603.30239
194 51         2287.37681
195 199         1019.62778
195 198         1357.44708
195 193         1697.75702
195 422         2182.22765
196 201         1352.70574
196 204         1623.42563
196 202         1944.43767
196 205         2016.53457
197 413         1426.75551
197 414         1773.96109
197 190         1806.16145
197 418          2052.3558
198 191         1251.74151
198 195         1357.44708
198 190         1613.67095
198 204         1873.15687
199 195         1019.62778
199 422         1469.09903
199 420         1766.08802
199 198         2305.42799
200 550         1424.16121
200 190         2080.08796
200 191         2114.93179
200 197         2153.46737
201 189         1148.44177
201 196         1352.70574
201 49          1735.8887
201 57         1998.81558
202 204         1437.87648
202 49         1561.43242
202 193         1712.37944
202 196         1944.43767
203 189         1872.43484
203 196         2099.74931
203 201         2148.81138
203 450         2402.77457
204 205         1397.03587
204 202         1437.87648
204 196         1623.42563
204 191         1781.94473
205 466         1130.08699
205 204         1397.03587
205 191          1642.1521
205 196         2016.53457
206 218          887.72259
206 219         1230.59589
206 348         1255.84663
206 209         1328.43541
207 221           661.6154
207 213         981.415681
207 222         1067.03237
207 218         1097.20847
208 212         858.762903
208 223         1033.23421
208 224         1219.05537
208 217         1223.18677
209 222         669.097498
209 352         816.274696
209 218         949.317152
209 347         1087.04217
210 212         747.313791
210 222         1037.99177
210 220         1077.26279
210 352           1086.927
211 344         817.250662
211 215         1056.74625
211 214         1103.49053
211 220         1127.19459
212 210         747.313791
212 208         858.762903
212 220         994.402021
212 213          1066.9185
213 217          813.33014
213 222         839.101172
213 207         981.415681
213 212          1066.9185
214 563          593.28475
214 215         866.165551
214 211         1103.49053
214 548           1253.152
215 355         798.499968
215 342         833.341228
215 214         866.165551
215 211         1056.74625
216 224         1058.14912
216 217         1262.00934
216 208         1317.04398
216 579         1377.19074
217 213          813.33014
217 208         1223.18677
217 216         1262.00934
217 207         1350.44658
218 219          855.27157
218 206          887.72259
218 209         949.317152
218 222         1019.04774
219 253         564.960217
219 218          855.27157
219 252         1227.11332
219 206         1230.59589
220 212         994.402021
220 548         1065.97843
220 210         1077.26279
220 223         1094.55914
221 207           661.6154
221 219         1421.06501
221 213         1442.86719
221 217         1450.34366
222 209         669.097498
222 213         839.101172
222 218         1019.04774
222 210         1037.99177
223 208         1033.23421
223 548         1051.09048
223 220         1094.55914
223 552         1196.58074
224 216         1058.14912
224 551         1110.54748
224 208         1219.05537
224 223         1511.66283
225 227         786.399297
225 238         832.644439
225 231         922.497388
225 366           933.2961
226 236         850.734633
226 240          874.28525
226 238         1187.63241
226 166         1406.44662
227 225         786.399297
227 233         894.047959
227 366         972.901155
227 231         975.829442
228 240         1233.59304
228 373         1260.84073
228 67         1441.60008
228 368         1568.12743
229 233         668.422358
229 239         874.371806
229 235         903.447703
229 363         957.911898
230 233         926.184457
230 232         963.756399
230 227         1022.37554
230 231         1078.47572
231 225         922.497388
231 236         938.413891
231 227         975.829442
231 230         1078.47572
232 239         622.150248
232 234         685.484977
232 230         963.756399
232 229         971.768715
233 229         668.422358
233 363         810.994151
233 227         894.047959
233 230         926.184457
234 232         685.484977
234 239          775.27578
234 600         810.457444
234 235         1374.48268
235 239         640.448282
235 237         714.266678
235 229         903.447703
235 232          1220.5785
236 226         850.734633
236 231         938.413891
236 166          1525.5057
236 225         1553.78909
237 235         714.266678
237 597         1073.68183
237 239         1214.57828
237 589          1305.5394
238 225         832.644439
238 240         1010.32256
238 367         1060.84885
238 368         1169.31782
239 232         622.150248
239 235         640.448282
239 234          775.27578
239 229         874.371806
240 226          874.28525
240 238         1010.32256
240 228         1233.59304
240 368         1573.63147
241 242         1031.36612
241 249         1396.01705
241 245         1618.19993
241 248         1665.20544
242 241         1031.36612
242 168         1133.45932
242 259         1280.39509
242 184         1538.41369
243 255         926.935463
243 257          1032.3909
243 256         1130.08745
243 258         1294.56761
244 349         826.045662
244 249         1086.93473
244 248         1179.09784
244 254         1323.49114
245 24         1078.42291
245 249         1338.51533
245 241         1618.19993
245 247         1744.93882
246 254         657.584733
246 252         974.898076
246 248         1356.84346
246 206         1529.57036
247 112         1370.33102
247 249         1509.67589
247 244         1639.83738
247 245         1744.93882
248 244         1179.09784
248 250         1225.53947
248 249         1282.14861
248 246         1356.84346
249 244         1086.93473
249 248         1282.14861
249 245         1338.51533
249 241         1396.01705
250 259          892.40498
250 257          1114.5737
250 248         1225.53947
250 242         1632.57994
251 187         867.038027
251 256          1171.0663
251 243         1647.27668
251 172         1670.13122
252 253         931.468947
252 246         974.898076
252 257         1123.09614
252 219         1227.11332
253 219         564.960217
253 252         931.468947
253 255         947.026972
253 218         1417.49051
254 246         657.584733
254 356         1097.28078
254 349         1317.71903
254 244         1323.49114
255 243         926.935463
255 253         947.026972
255 252         1273.61258
255 256         1300.59555
256 243         1130.08745
256 251          1171.0663
256 255         1300.59555
256 575         1605.13182
257 243          1032.3909
257 250          1114.5737
257 252         1123.09614
257 258         1334.08986
258 243         1294.56761
258 257         1334.08986
258 259         1387.34779
258 187          1566.7022
259 250          892.40498
259 168         1056.31189
259 242         1280.39509
259 258         1387.34779
260 274         1174.56887
260 270         1581.65386
260 278         1833.76831
260 269         1872.27675
261 278         1429.50965
261 25         1701.17535
261 260          2086.1998
261 274         2831.67032
262 274         1282.03553
262 74         1286.59708
262 19         1381.18018
262 269         1778.16121
263 271         1207.65728
263 268         1419.80836
263 270          1459.8104
263 264         1632.96068
264 71         1522.93877
264 280          1605.6305
264 263         1632.96068
264 276         1944.36255
265 278         1588.13621
265 266         1756.09032
265 279         1762.42452
265 267         2533.55173
266 272         1473.19398
266 265         1756.09032
266 267         1829.35034
266 279         2633.58993
267 268         1229.52811
267 273         1738.92421
267 266         1829.35034
267 280         1895.06309
268 280         1088.07367
268 267         1229.52811
268 271         1339.15385
268 263         1419.80836
269 274         873.366581
269 68         1062.42154
269 270         1456.29946
269 74         1550.61625
270 271          1287.7143
270 269         1456.29946
270 263          1459.8104
270 68         1536.38841
271 279         796.626674
271 263         1207.65728
271 270          1287.7143
271 268         1339.15385
272 266         1473.19398
272 311         1476.62895
272 273         1952.34279
272 267         2016.27909
273 275         1484.41695
273 267         1738.92421
273 302          1897.1044
273 304         1903.49398
274 269         873.366581
274 260         1174.56887
274 262         1282.03553
274 270         1604.28262
275 276         1026.95579
275 280         1357.46471
275 273         1484.41695
275 302         1487.06125
276 277         753.343418
276 275         1026.95579
276 280         1489.40614
276 264         1944.36255
277 276         753.343418
277 159         1333.87745
277 275         1764.09558
277 264         1956.03058
278 261         1429.50965
278 265         1588.13621
278 260         1833.76831
278 279         2207.08182
279 271         796.626674
279 268         1745.79882
279 265         1762.42452
279 270         1768.87839
280 268         1088.07367
280 275         1357.46471
280 276         1489.40614
280 264          1605.6305
281 17         1690.28274
281 294         1705.08766
281 9         1866.79499
281 291         2094.19443
282 284         2350.97116
282 287         2789.69581
282 298         2797.12257
282 295         3455.56936
283 286         1785.35937
283 5         2077.23339
283 16         2165.86634
283 296          2376.0006
284 297         1576.20439
284 295         1972.02213
284 287         2169.70815
284 282         2350.97116
285 289         1917.56072
285 287         2736.01474
285 297         3818.93557
285 288         3943.77123
286 295         1040.85803
286 283         1785.35937
286 290         2039.84044
286 284          2878.7648
287 284         2169.70815
287 297         2595.82421
287 285         2736.01474
287 282         2789.69581
288 292         2425.28558
288 289         2563.16447
288 291         2593.54883
288 481          3401.6079
289 285         1917.56072
289 292          2054.6289
289 297         2469.90166
289 288         2563.16447
290 295         1390.06637
290 294         1668.51427
290 5          2039.0319
290 286         2039.84044
291 4         1576.66775
291 292         1842.41546
291 281         2094.19443
291 294         2535.34069
292 294         1709.18211
292 291         1842.41546
292 289          2054.6289
292 297          2108.2561
293 296         2457.17646
293 50         3572.79175
293 283         3672.11653
293 54         4091.96618
294 290         1668.51427
294 281         1705.08766
294 292         1709.18211
294 297         1756.33396
295 286         1040.85803
295 290         1390.06637
295 284         1972.02213
295 283         2424.17328
296 13         1882.76581
296 16         1969.89366
296 283          2376.0006
296 293         2457.17646
297 284         1576.20439
297 294         1756.33396
297 292          2108.2561
297 290         2343.60966
298 282         2797.12257
298 286          3773.5314
298 295          4163.6616
298 284         4374.31269
299 319         1273.60506
299 314         1531.98349
299 303         1572.72803
299 160           1716.604
300 312         1528.54897
300 314         1628.32415
300 303         2264.50199
300 299         2303.21461
301 320         1357.11324
301 316         1604.18699
301 315         2094.57137
301 307         2420.99999
302 309         1216.50952
302 275         1487.06125
302 304          1798.2304
302 313         1882.51391
303 307         1373.09869
303 299         1572.72803
303 300         2264.50199
303 160         2365.71788
304 309         1620.65839
304 311          1750.6357
304 318         1794.65278
304 302          1798.2304
305 310         2857.28678
305 318         3281.33694
305 308         3902.67729
305 311         4616.85576
306 317         2935.90847
306 312         2950.01141
306 321         3261.21267
306 325         3764.83347
307 303         1373.09869
307 315         1916.82512
307 301         2420.99999
307 313         2470.25314
308 315         2005.55237
308 318         2383.99088
308 307         2926.98782
308 309          3248.4312
309 302         1216.50952
309 313         1539.96131
309 304         1620.65839
309 318         2168.44631
310 311         2030.64349
310 318         2748.54404
310 305         2857.28678
310 304         3030.05928
311 272         1476.62895
311 304          1750.6357
311 310         2030.64349
311 273         2225.87187
312 300         1528.54897
312 314         2186.38277
312 317         2599.64092
312 332         2767.04995
313 309         1539.96131
313 302         1882.51391
313 160         2132.24883
313 307         2470.25314
314 299         1531.98349
314 300         1628.32415
314 164          1843.0953
314 165         1880.19513
315 316         1910.20538
315 307         1916.82512
315 308         2005.55237
315 301         2094.57137
316 301         1604.18699
316 315         1910.20538
316 320         2470.00911
316 307          3331.6327
317 320         1513.50622
317 312         2599.64092
317 300         2794.29113
317 301          2867.6335
318 304         1794.65278
318 309         2168.44631
318 308         2383.99088
318 310         2748.54404
319 299         1273.60506
319 156         1286.10258
319 164          1598.0091
319 160         1713.02898
320 301         1357.11324
320 317         1513.50622
320 300         2323.97406
320 316         2470.00911
321 327          1488.6168
321 326         2182.69166
321 329         2840.38284
321 306         3261.21267
322 157         1132.36773
322 149         1632.77925
322 167          1840.9383
322 339         1868.24518
323 324          1125.6764
323 491         1265.19432
323 340         1499.55817
323 236         1625.15161
324 340         1061.10253
324 323          1125.6764
324 499          1439.5964
324 166         1956.13143
325 336          1613.7611
325 332         1700.46167
325 330         1776.60876
325 326         1803.79167
326 325         1803.79167
326 329         2006.56943
326 334         2054.31598
326 321         2182.69166
327 321          1488.6168
327 329         1796.68264
327 326         2377.30542
327 328         2653.18728
328 329         1159.40769
328 496         1261.16351
328 498         2228.22537
328 507         2414.15012
329 328         1159.40769
329 327         1796.68264
329 326         2006.56943
329 498         2294.63817
330 331          897.88797
330 336         1178.06067
330 332         1536.40826
330 325         1776.60876
331 330          897.88797
331 333         1716.60253
331 338         1842.43283
331 332         1921.51407
332 165         1427.94468
332 330         1536.40826
332 325         1700.46167
332 331         1921.51407
333 335         1001.72766
333 331         1716.60253
333 336         1862.57909
333 337         1869.83856
334 336         1051.84995
334 498         1357.74078
334 508          1794.4523
334 326         2054.31598
335 333         1001.72766
335 508         1166.40842
335 337         1300.33791
335 502         1643.24207
336 334         1051.84995
336 330         1178.06067
336 325          1613.7611
336 333         1862.57909
337 502         1066.83627
337 335         1300.33791
337 506         1840.43295
337 339         1860.33782
338 331         1842.43283
338 333         1943.09154
338 161         2058.20675
338 339         2088.33182
339 501         1812.58516
339 337         1860.33782
339 322         1868.24518
339 499         1982.20036
340 166         1005.68594
340 324         1061.10253
340 323         1499.55817
340 163         1601.01527
341 343         648.317564
341 354         719.426032
341 355          986.40573
341 345         1220.86971
342 215         833.341228
342 345         955.040191
342 355         1176.10917
342 214         1455.91132
343 341         648.317564
343 118         972.838194
343 354         1035.84265
343 106         1142.20134
344 352          750.71116
344 211         817.250662
344 354         918.625535
344 355         987.970953
345 116         915.135222
345 342         955.040191
345 113         1072.46458
345 341         1220.86971
346 356         724.412719
346 348         774.510364
346 353         1207.61349
346 350         1288.87366
347 348         659.049654
347 352         895.713928
347 209         1087.04217
347 344         1188.90397
348 347         659.049654
348 346         774.510364
348 350         1170.57247
348 206         1255.84663
349 356         709.647795
349 244         826.045662
349 351         968.589172
349 254         1317.71903
350 353         827.199465
350 343         1145.65289
350 348         1170.57247
350 106         1183.84626
351 353         939.289818
351 349         968.589172
351 356         1147.10264
351 114         1338.79538
352 344          750.71116
352 209         816.274696
352 347         895.713928
352 210           1086.927
353 350         827.199465
353 351         939.289818
353 114         968.106138
353 346         1207.61349
354 341         719.426032
354 355         910.721261
354 344         918.625535
354 343         1035.84265
355 215         798.499968
355 354         910.721261
355 341          986.40573
355 344         987.970953
356 349         709.647795
356 346         724.412719
356 254         1097.28078
356 351         1147.10264
357 363         591.155495
357 366         857.293273
357 370         859.491598
357 359          1059.8348
358 365         587.032996
358 612         979.270103
358 361         1009.93589
358 370         1133.43356
359 369         753.428657
359 370         958.226557
359 366         972.547869
359 613         1016.71218
360 369         663.796212
360 367         861.921379
360 368         875.497453
360 606         899.961664
361 371         646.055777
361 370         750.979175
361 374         808.564051
361 363         860.954896
362 374         495.586612
362 597         901.787755
362 371         962.759624
362 361         1252.16852
363 357         591.155495
363 371          745.81759
363 233         810.994151
363 361         860.954896
364 373         495.558489
364 617         655.008807
364 368         1003.88163
364 610         1018.73921
365 358         587.032996
